0.53775 4 14 8 6 6 1 2 2 6 6 -1 8 8 6 6 1 14 14 6 6 -1
0.434593 2 8 0 4 8 1 12 0 4 8 -1
0.525641 2 8 0 4 8 1 12 0 4 8 -1
0.858071 2 8 0 4 8 1 12 0 4 8 -1
1.34158 2 8 0 4 8 1 12 0 4 8 -1
1.59259 2 8 0 4 8 1 12 0 4 8 -1
0.292754 2 16 0 4 9 1 0 9 4 9 -1
1.65872 2 16 0 4 9 1 0 9 4 9 -1
1.82395 2 16 0 4 9 1 0 9 4 9 -1
1.8383 2 16 0 4 9 1 0 9 4 9 -1
1.83873 2 16 0 4 9 1 0 9 4 9 -1
1.83874 2 16 0 4 9 1 0 9 4 9 -1
1.83874 2 16 0 4 9 1 0 9 4 9 -1
1.83874 2 16 0 4 9 1 0 9 4 9 -1
1.83874 2 8 0 4 8 1 12 0 4 8 -1
1.84165 2 8 0 4 8 1 12 0 4 8 -1
1.84173 4 14 8 6 6 1 2 2 6 6 -1 8 8 6 6 1 14 14 6 6 -1
1.91119 2 16 0 4 9 1 0 9 4 9 -1
1.91119 2 16 0 4 9 1 0 9 4 9 -1
1.91119 2 16 0 4 9 1 0 9 4 9 -1
1.91119 2 16 0 4 9 1 0 9 4 9 -1
1.91119 2 16 0 4 9 1 0 9 4 9 -1
1.91119 2 16 0 4 9 1 0 9 4 9 -1
1.91119 2 16 0 4 9 1 0 9 4 9 -1
1.91119 2 16 0 4 9 1 0 9 4 9 -1
1.91119 2 8 0 4 8 1 12 0 4 8 -1
1.91119 2 8 0 4 8 1 12 0 4 8 -1
1.91119 2 8 0 4 8 1 12 0 4 8 -1
1.91119 2 8 0 4 8 1 12 0 4 8 -1
1.91119 2 8 0 4 8 1 12 0 4 8 -1
1.91119 2 8 0 4 8 1 12 0 4 8 -1
1.83539 2 0 10 4 10 1 16 0 4 10 -1
2.22768 2 0 10 4 10 1 16 0 4 10 -1
3.32997 2 16 0 4 9 1 0 9 4 9 -1
3.32997 2 16 0 4 9 1 0 9 4 9 -1
3.32997 2 16 0 4 9 1 0 9 4 9 -1
3.32997 2 0 10 4 10 1 16 0 4 10 -1
3.43372 2 0 10 4 10 1 16 0 4 10 -1
3.43387 2 0 10 4 10 1 16 0 4 10 -1
3.43387 2 0 10 4 10 1 16 0 4 10 -1
